-1 -8 
-1 -15 
-1 -22 
-1 -29 
-1 -36 
-1 -43 
-1 -50 
-1 -57 
-8 -15 
-8 -22 
-8 -29 
-8 -36 
-8 -43 
-8 -50 
-8 -57 
-15 -22 
-15 -29 
-15 -36 
-15 -43 
-15 -50 
-15 -57 
-22 -29 
-22 -36 
-22 -43 
-22 -50 
-22 -57 
-29 -36 
-29 -43 
-29 -50 
-29 -57 
-36 -43 
-36 -50 
-36 -57 
-43 -50 
-43 -57 
-50 -57 
-2 -9 
-2 -16 
-2 -23 
-2 -30 
-2 -37 
-2 -44 
-2 -51 
-2 -58 
-9 -16 
-9 -23 
-9 -30 
-9 -37 
-9 -44 
-9 -51 
-9 -58 
-16 -23 
-16 -30 
-16 -37 
-16 -44 
-16 -51 
-16 -58 
-23 -30 
-23 -37 
-23 -44 
-23 -51 
-23 -58 
-30 -37 
-30 -44 
-30 -51 
-30 -58 
-37 -44 
-37 -51 
-37 -58 
-44 -51 
-44 -58 
-51 -58 
-3 -10 
-3 -17 
-3 -24 
-3 -31 
-3 -38 
-3 -45 
-3 -52 
-3 -59 
-10 -17 
-10 -24 
-10 -31 
-10 -38 
-10 -45 
-10 -52 
-10 -59 
-17 -24 
-17 -31 
-17 -38 
-17 -45 
-17 -52 
-17 -59 
-24 -31 
-24 -38 
-24 -45 
-24 -52 
-24 -59 
-31 -38 
-31 -45 
-31 -52 
-31 -59 
-38 -45 
-38 -52 
-38 -59 
-45 -52 
-45 -59 
-52 -59 
-4 -11 
-4 -18 
-4 -25 
-4 -32 
-4 -39 
-4 -46 
-4 -53 
-4 -60 
-11 -18 
-11 -25 
-11 -32 
-11 -39 
-11 -46 
-11 -53 
-11 -60 
-18 -25 
-18 -32 
-18 -39 
-18 -46 
-18 -53 
-18 -60 
-25 -32 
-25 -39 
-25 -46 
-25 -53 
-25 -60 
-32 -39 
-32 -46 
-32 -53 
-32 -60 
-39 -46 
-39 -53 
-39 -60 
-46 -53 
-46 -60 
-53 -60 
-5 -12 
-5 -19 
-5 -26 
-5 -33 
-5 -40 
-5 -47 
-5 -54 
-5 -61 
-12 -19 
-12 -26 
-12 -33 
-12 -40 
-12 -47 
-12 -54 
-12 -61 
-19 -26 
-19 -33 
-19 -40 
-19 -47 
-19 -54 
-19 -61 
-26 -33 
-26 -40 
-26 -47 
-26 -54 
-26 -61 
-33 -40 
-33 -47 
-33 -54 
-33 -61 
-40 -47 
-40 -54 
-40 -61 
-47 -54 
-47 -61 
-54 -61 
-6 -13 
-6 -20 
-6 -27 
-6 -34 
-6 -41 
-6 -48 
-6 -55 
-6 -62 
-13 -20 
-13 -27 
-13 -34 
-13 -41 
-13 -48 
-13 -55 
-13 -62 
-20 -27 
-20 -34 
-20 -41 
-20 -48 
-20 -55 
-20 -62 
-27 -34 
-27 -41 
-27 -48 
-27 -55 
-27 -62 
-34 -41 
-34 -48 
-34 -55 
-34 -62 
-41 -48 
-41 -55 
-41 -62 
-48 -55 
-48 -62 
-55 -62 
-7 -14 
-7 -21 
-7 -28 
-7 -35 
-7 -42 
-7 -49 
-7 -56 
-7 -63 
-14 -21 
-14 -28 
-14 -35 
-14 -42 
-14 -49 
-14 -56 
-14 -63 
-21 -28 
-21 -35 
-21 -42 
-21 -49 
-21 -56 
-21 -63 
-28 -35 
-28 -42 
-28 -49 
-28 -56 
-28 -63 
-35 -42 
-35 -49 
-35 -56 
-35 -63 
-42 -49 
-42 -56 
-42 -63 
-49 -56 
-49 -63 
-56 -63 
-85 -64 
-86 -65 
-87 -66 
-88 -67 
-89 -68 
-90 -69 
-91 -70 
-92 -71 
-93 -72 
-94 -73 
-95 -74 
-96 -75 
-97 -76 
-98 -77 
-99 -78 
-100 -79 
-101 -80 
-102 -81 
-103 -82 
-104 -83 
-105 -84 
-1 9 23 30 
-2 10 24 31 
-3 11 25 32 
-4 12 26 33 
-5 13 27 34 
-6 14 28 35 
-8 2 16 30 
-9 3 17 31 
-10 4 18 32 
-11 5 19 33 
-12 6 20 34 
-13 7 21 35 
-15 9 37 
-16 10 38 
-17 11 39 
-18 12 40 
-19 13 41 
-20 14 42 
-22 2 30 58 
-23 3 31 59 
-24 4 32 60 
-25 5 33 61 
-26 6 34 62 
-27 7 35 63 
-29 2 9 23 37 44 
-30 3 10 24 38 45 
-31 4 11 25 39 46 
-32 5 12 26 40 47 
-33 6 13 27 41 48 
-34 7 14 28 42 49 
-36 16 30 44 51 
-37 17 31 45 52 
-38 18 32 46 53 
-39 19 33 47 54 
-40 20 34 48 55 
-41 21 35 49 56 
-43 30 37 51 58 
-44 31 38 52 59 
-45 32 39 53 60 
-46 33 40 54 61 
-47 34 41 55 62 
-48 35 42 56 63 
-50 37 44 
-51 38 45 
-52 39 46 
-53 40 47 
-54 41 48 
-55 42 49 
-57 23 44 58 
-58 24 45 59 
-59 25 46 60 
-60 26 47 61 
-61 27 48 62 
-62 28 49 63 
-16 92 
-17 93 
-18 94 
-19 95 
-20 96 
-21 97 
-23 85 
-24 86 
-25 87 
-26 88 
-27 89 
-28 90 
-44 99 
-45 100 
-46 101 
-47 102 
-48 103 
-49 104 
-51 92 
-52 93 
-53 94 
-54 95 
-55 96 
-56 97 
-64 -16 86 
-65 -17 87 
-66 -18 88 
-67 -19 89 
-68 -20 90 
-69 -21 91 
-71 -30 93 
-72 -31 94 
-73 -32 95 
-74 -33 96 
-75 -34 97 
-76 -35 98 
-78 -51 100 
-79 -52 101 
-80 -53 102 
-81 -54 103 
-82 -55 104 
-83 -56 105 
-15 -92 
-16 -93 
-17 -94 
-18 -95 
-19 -96 
-20 -97 
-21 -98 
-22 -85 
-23 -86 
-24 -87 
-25 -88 
-26 -89 
-27 -90 
-28 -91 
-43 -99 
-44 -100 
-45 -101 
-46 -102 
-47 -103 
-48 -104 
-49 -105 
-50 -92 
-51 -93 
-52 -94 
-53 -95 
-54 -96 
-55 -97 
-56 -98 
-64 -2 65 
-65 -3 66 
-66 -4 67 
-67 -5 68 
-68 -6 69 
-69 -7 70 
-64 -9 65 
-65 -10 66 
-66 -11 67 
-67 -12 68 
-68 -13 69 
-69 -14 70 
-64 -23 65 
-65 -24 66 
-66 -25 67 
-67 -26 68 
-68 -27 69 
-69 -28 70 
-64 -30 65 
-65 -31 66 
-66 -32 67 
-67 -33 68 
-68 -34 69 
-69 -35 70 
-64 -37 65 
-65 -38 66 
-66 -39 67 
-67 -40 68 
-68 -41 69 
-69 -42 70 
-64 -44 65 
-65 -45 66 
-66 -46 67 
-67 -47 68 
-68 -48 69 
-69 -49 70 
-64 -51 65 
-65 -52 66 
-66 -53 67 
-67 -54 68 
-68 -55 69 
-69 -56 70 
-64 -58 65 
-65 -59 66 
-66 -60 67 
-67 -61 68 
-68 -62 69 
-69 -63 70 
-71 -2 72 
-72 -3 73 
-73 -4 74 
-74 -5 75 
-75 -6 76 
-76 -7 77 
-71 -9 72 
-72 -10 73 
-73 -11 74 
-74 -12 75 
-75 -13 76 
-76 -14 77 
-71 -16 72 
-72 -17 73 
-73 -18 74 
-74 -19 75 
-75 -20 76 
-76 -21 77 
-71 -23 72 
-72 -24 73 
-73 -25 74 
-74 -26 75 
-75 -27 76 
-76 -28 77 
-71 -37 72 
-72 -38 73 
-73 -39 74 
-74 -40 75 
-75 -41 76 
-76 -42 77 
-71 -44 72 
-72 -45 73 
-73 -46 74 
-74 -47 75 
-75 -48 76 
-76 -49 77 
-71 -51 72 
-72 -52 73 
-73 -53 74 
-74 -54 75 
-75 -55 76 
-76 -56 77 
-71 -58 72 
-72 -59 73 
-73 -60 74 
-74 -61 75 
-75 -62 76 
-76 -63 77 
-78 -2 79 
-79 -3 80 
-80 -4 81 
-81 -5 82 
-82 -6 83 
-83 -7 84 
-78 -9 79 
-79 -10 80 
-80 -11 81 
-81 -12 82 
-82 -13 83 
-83 -14 84 
-78 -16 79 
-79 -17 80 
-80 -18 81 
-81 -19 82 
-82 -20 83 
-83 -21 84 
-78 -23 79 
-79 -24 80 
-80 -25 81 
-81 -26 82 
-82 -27 83 
-83 -28 84 
-78 -30 79 
-79 -31 80 
-80 -32 81 
-81 -33 82 
-82 -34 83 
-83 -35 84 
-78 -37 79 
-79 -38 80 
-80 -39 81 
-81 -40 82 
-82 -41 83 
-83 -42 84 
-78 -44 79 
-79 -45 80 
-80 -46 81 
-81 -47 82 
-82 -48 83 
-83 -49 84 
-78 -58 79 
-79 -59 80 
-80 -60 81 
-81 -61 82 
-82 -62 83 
-83 -63 84 
64 -65 
65 -66 
66 -67 
67 -68 
68 -69 
69 -70 
71 -72 
72 -73 
73 -74 
74 -75 
75 -76 
76 -77 
78 -79 
79 -80 
80 -81 
81 -82 
82 -83 
83 -84 
64 85 -86 
65 86 -87 
66 87 -88 
67 88 -89 
68 89 -90 
69 90 -91 
71 92 -93 
72 93 -94 
73 94 -95 
74 95 -96 
75 96 -97 
76 97 -98 
78 99 -100 
79 100 -101 
80 101 -102 
81 102 -103 
82 103 -104 
83 104 -105 
-85 -2 86 
-86 -3 87 
-87 -4 88 
-88 -5 89 
-89 -6 90 
-90 -7 91 
-85 -9 86 
-86 -10 87 
-87 -11 88 
-88 -12 89 
-89 -13 90 
-90 -14 91 
-85 -16 86 
-86 -17 87 
-87 -18 88 
-88 -19 89 
-89 -20 90 
-90 -21 91 
-85 -30 86 
-86 -31 87 
-87 -32 88 
-88 -33 89 
-89 -34 90 
-90 -35 91 
-85 -37 86 
-86 -38 87 
-87 -39 88 
-88 -40 89 
-89 -41 90 
-90 -42 91 
-85 -44 86 
-86 -45 87 
-87 -46 88 
-88 -47 89 
-89 -48 90 
-90 -49 91 
-85 -51 86 
-86 -52 87 
-87 -53 88 
-88 -54 89 
-89 -55 90 
-90 -56 91 
-85 -58 86 
-86 -59 87 
-87 -60 88 
-88 -61 89 
-89 -62 90 
-90 -63 91 
-92 -2 93 
-93 -3 94 
-94 -4 95 
-95 -5 96 
-96 -6 97 
-97 -7 98 
-92 -9 93 
-93 -10 94 
-94 -11 95 
-95 -12 96 
-96 -13 97 
-97 -14 98 
-92 -23 93 
-93 -24 94 
-94 -25 95 
-95 -26 96 
-96 -27 97 
-97 -28 98 
-92 -30 93 
-93 -31 94 
-94 -32 95 
-95 -33 96 
-96 -34 97 
-97 -35 98 
-92 -37 93 
-93 -38 94 
-94 -39 95 
-95 -40 96 
-96 -41 97 
-97 -42 98 
-92 -44 93 
-93 -45 94 
-94 -46 95 
-95 -47 96 
-96 -48 97 
-97 -49 98 
-92 -58 93 
-93 -59 94 
-94 -60 95 
-95 -61 96 
-96 -62 97 
-97 -63 98 
-99 -2 100 
-100 -3 101 
-101 -4 102 
-102 -5 103 
-103 -6 104 
-104 -7 105 
-99 -9 100 
-100 -10 101 
-101 -11 102 
-102 -12 103 
-103 -13 104 
-104 -14 105 
-99 -16 100 
-100 -17 101 
-101 -18 102 
-102 -19 103 
-103 -20 104 
-104 -21 105 
-99 -23 100 
-100 -24 101 
-101 -25 102 
-102 -26 103 
-103 -27 104 
-104 -28 105 
-99 -30 100 
-100 -31 101 
-101 -32 102 
-102 -33 103 
-103 -34 104 
-104 -35 105 
-99 -37 100 
-100 -38 101 
-101 -39 102 
-102 -40 103 
-103 -41 104 
-104 -42 105 
-99 -51 100 
-100 -52 101 
-101 -53 102 
-102 -54 103 
-103 -55 104 
-104 -56 105 
-99 -58 100 
-100 -59 101 
-101 -60 102 
-102 -61 103 
-103 -62 104 
-104 -63 105 
1 
64 
71 
78 
63 
0
  1 At(START,0)
  2 At(START,1)
  3 At(START,2)
  4 At(START,3)
  5 At(START,4)
  6 At(START,5)
  7 At(START,6)
  8 At(A,0)
  9 At(A,1)
 10 At(A,2)
 11 At(A,3)
 12 At(A,4)
 13 At(A,5)
 14 At(A,6)
 15 At(B,0)
 16 At(B,1)
 17 At(B,2)
 18 At(B,3)
 19 At(B,4)
 20 At(B,5)
 21 At(B,6)
 22 At(C,0)
 23 At(C,1)
 24 At(C,2)
 25 At(C,3)
 26 At(C,4)
 27 At(C,5)
 28 At(C,6)
 29 At(D,0)
 30 At(D,1)
 31 At(D,2)
 32 At(D,3)
 33 At(D,4)
 34 At(D,5)
 35 At(D,6)
 36 At(E,0)
 37 At(E,1)
 38 At(E,2)
 39 At(E,3)
 40 At(E,4)
 41 At(E,5)
 42 At(E,6)
 43 At(F,0)
 44 At(F,1)
 45 At(F,2)
 46 At(F,3)
 47 At(F,4)
 48 At(F,5)
 49 At(F,6)
 50 At(G,0)
 51 At(G,1)
 52 At(G,2)
 53 At(G,3)
 54 At(G,4)
 55 At(G,5)
 56 At(G,6)
 57 At(GOAL,0)
 58 At(GOAL,1)
 59 At(GOAL,2)
 60 At(GOAL,3)
 61 At(GOAL,4)
 62 At(GOAL,5)
 63 At(GOAL,6)
 64 Available(GOLD,0)
 65 Available(GOLD,1)
 66 Available(GOLD,2)
 67 Available(GOLD,3)
 68 Available(GOLD,4)
 69 Available(GOLD,5)
 70 Available(GOLD,6)
 71 Available(WAND,0)
 72 Available(WAND,1)
 73 Available(WAND,2)
 74 Available(WAND,3)
 75 Available(WAND,4)
 76 Available(WAND,5)
 77 Available(WAND,6)
 78 Available(RUBY,0)
 79 Available(RUBY,1)
 80 Available(RUBY,2)
 81 Available(RUBY,3)
 82 Available(RUBY,4)
 83 Available(RUBY,5)
 84 Available(RUBY,6)
 85 Has(GOLD,0)
 86 Has(GOLD,1)
 87 Has(GOLD,2)
 88 Has(GOLD,3)
 89 Has(GOLD,4)
 90 Has(GOLD,5)
 91 Has(GOLD,6)
 92 Has(WAND,0)
 93 Has(WAND,1)
 94 Has(WAND,2)
 95 Has(WAND,3)
 96 Has(WAND,4)
 97 Has(WAND,5)
 98 Has(WAND,6)
 99 Has(RUBY,0)
100 Has(RUBY,1)
101 Has(RUBY,2)
102 Has(RUBY,3)
103 Has(RUBY,4)
104 Has(RUBY,5)
105 Has(RUBY,6)
